common:
    lid_topic:  "/velodyne_points"
    imu_topic:  "/imu_raw"
    time_sync_en: false         # ONLY turn on when external time synchronization is really not possible
    
preprocess:
    lidar_type: 2                # 1 for Livox serials LiDAR, 2 for Velodyne LiDAR, 3 for ouster LiDAR, 
    scan_line: 32
    scan_rate: 10                # only need to be set for velodyne, unit: Hz,
    blind: 4

mapping:
    acc_cov: 0.1
    gyr_cov: 0.1
    b_acc_cov: 0.0001
    b_gyr_cov: 0.0001
    fov_degree:    180
    det_range:     100.0
    extrinsic_est_en:  true      # true: enable the online estimation of IMU-LiDAR extrinsic,
# jiashan
#     extrinsic_T: [ -0.063, 0.38, 1.481]
#     extrinsic_R: [ -0.695231, -0.718554, 0.0182828,
# 000.718764, -0.695187, 0.00971333,
# 0.00573042, 000.019894, 000.999786]

# # shunfeng
#     extrinsic_T: [ 0.0327720083296299, 0.324569046497345, 1.459749221801758]
#     extrinsic_R: [ -0.724529, -0.689244, -0.000831056,
# 0.689244, -0.724529, 00.000776072,
# -0.00113703, -1.0513e-05, 0.999999]

# # 6
#     extrinsic_T: [0.009330281056463718, 0.3527710139751434, 1.47389030456543]
#     extrinsic_R: [-0.693308, -0.720596, -0.00811573,
# 0.720525, -0.693354, 0.0102264,
# -0.0129962, 0.00124247, 0.999915]


# chengdu
    extrinsic_T: [0.03310105577111244, 0.3508687317371368, 1.415747165679932]
    extrinsic_R: [-0.718984, -0.695026, -0.000995166,
0.695022, -0.718984, 0.00239481,
-0.00237997, 0.00103017, 0.999997]


    

publish:
    path_en:  true
    scan_publish_en:  true       # false: close all the point cloud output
    dense_publish_en: true       # false: low down the points number in a global-frame point clouds scan.
    scan_bodyframe_pub_en: true  # true: output the point cloud scans in IMU-body-frame

pcd_save:
    pcd_save_en: true
    interval: -1                 # how many LiDAR frames saved in each pcd file; 
                                 # -1 : all frames will be saved in ONE pcd file, may lead to memory crash when having too much frames.